233.67 84.66
441.09 88.96
267.18 166.95
433.02 168.44
848.66 74.89
1197.53 97.86
761.82 174.05
1139.50 173.58
223.11 256.18
473.78 247.58
206.34 315.56
562.58 321.58
705.49 232.79
1076.87 233.15
750.55 291.19
1026.92 305.72
1534.11 74.07
1763.71 63.63
1598.72 170.15
1836.79 162.03
2227.70 76.91
2680.10 85.70
2152.09 180.15
2657.81 180.73
1523.76 270.63
1984.31 282.38
1539.62 331.32
1847.63 327.57
2171.12 262.18
2560.53 268.24
2212.92 306.26
2560.46 306.47
170.29 376.33
448.10 378.91
136.54 434.74
439.35 426.37
906.97 382.72
1083.52 390.61
915.72 497.28
1115.41 478.40
201.27 628.57
512.60 628.20
201.13 784.01
584.70 793.46
751.43 618.98
923.04 600.15
718.75 758.48
1053.91 762.44
1448.57 366.46
1752.15 361.08
1421.19 410.75
1731.74 451.08
2048.85 381.63
2554.70 389.26
2100.01 474.41
2556.76 474.76
1442.03 601.60
1737.58 601.19
1443.12 765.51
1738.08 765.16
2110.28 600.81
2568.15 601.58
2112.48 765.89
2569.42 766.31
