206.71 73.16
492.07 100.75
301.90 170.86
475.19 168.63
861.56 76.84
1165.66 110.12
886.17 187.79
1112.78 171.56
265.36 244.94
563.85 241.38
185.87 292.02
608.90 294.64
753.33 228.65
1018.10 229.27
861.50 282.25
1199.56 290.48
1596.85 72.50
1772.41 52.08
1602.14 144.08
1869.50 144.82
2275.50 96.27
2662.69 71.78
2223.46 163.43
2756.48 166.66
1495.45 232.65
1837.80 229.23
1429.95 292.16
1982.06 297.70
2159.75 223.49
2728.23 225.28
2139.66 276.04
2680.49 291.03
177.13 346.44
495.66 347.92
174.72 386.87
437.63 392.70
894.25 350.96
1280.91 349.05
856.43 410.89
1255.34 398.96
242.78 506.79
596.90 533.46
244.22 619.63
581.06 626.00
744.86 481.83
993.84 469.22
716.25 578.05
1100.05 593.22
1528.52 348.09
1922.42 345.32
1564.89 378.46
1906.69 378.78
2233.97 344.44
2610.62 338.03
2235.79 371.05
2606.80 367.94
1511.68 408.55
1806.72 412.32
1526.53 569.56
1890.79 569.35
2314.02 420.81
2612.87 430.28
2277.50 579.28
2681.63 578.99
