246.25 97.05
435.03 97.57
265.25 186.39
419.94 183.98
782.38 90.91
1105.68 114.83
746.64 196.40
1058.29 190.14
210.60 275.12
452.68 268.94
141.43 355.05
531.24 349.82
699.25 259.18
993.16 263.41
849.66 344.13
1020.71 329.21
1539.51 66.46
1854.64 65.72
1664.17 187.36
1854.60 158.58
2309.78 114.31
2687.65 112.00
2247.36 195.27
2691.49 196.96
1593.24 283.35
1851.71 273.32
1526.65 359.24
2013.35 357.38
2183.49 270.58
2646.23 272.64
2180.21 346.37
2589.48 353.61
160.88 412.74
424.22 417.59
167.94 462.48
381.42 463.87
839.37 426.09
1166.05 440.96
773.90 526.29
1214.92 506.03
206.06 667.46
485.51 701.29
219.69 816.22
461.33 822.89
652.44 631.34
945.17 617.19
608.65 755.77
1033.98 779.65
1529.88 410.98
1846.20 417.93
1489.91 456.81
1807.30 451.78
2154.31 410.98
2523.28 407.98
2166.05 442.88
2521.18 445.03
1457.01 517.13
1814.55 556.45
1472.09 751.47
1812.79 750.97
2245.76 553.65
2594.66 566.71
2204.91 764.66
2605.10 764.56
