266.02 69.88
439.82 44.99
228.06 153.09
416.63 143.74
792.02 85.36
1200.86 82.35
774.01 157.09
1129.91 151.38
169.14 224.58
542.82 240.62
170.75 302.72
466.53 309.21
697.32 213.41
1044.08 214.43
876.33 287.47
1081.56 301.89
1600.38 76.23
1834.80 85.38
1675.13 169.90
1872.07 157.50
2306.55 114.94
2686.14 82.06
2265.95 182.11
2825.26 188.70
1590.60 248.81
1939.46 253.25
1521.82 307.61
2040.62 308.91
2191.78 238.33
2777.24 237.90
2158.20 286.21
2717.88 299.89
238.81 346.82
457.35 349.62
185.92 431.15
593.98 446.24
921.68 357.88
1346.61 375.33
847.98 450.06
1305.46 424.93
286.10 565.60
639.04 569.28
428.34 691.06
622.05 686.99
790.10 539.53
1178.29 540.45
814.33 648.91
1179.04 665.78
1588.94 362.57
1980.14 366.00
1608.75 403.90
1945.48 406.67
2244.39 379.34
2636.35 372.06
2271.76 411.19
2612.14 410.84
1500.78 455.37
1955.69 453.49
1577.69 641.06
1933.39 639.86
2354.50 449.19
2686.04 448.70
2316.77 631.72
2720.53 631.07
