274.93 76.03
432.41 57.40
250.86 146.26
416.13 145.24
782.34 87.73
1142.81 95.43
735.20 158.37
1091.90 158.16
183.87 232.29
357.03 219.78
126.31 294.36
484.90 302.82
674.32 215.84
1032.62 217.12
734.22 277.89
994.00 278.07
1644.73 90.89
1868.75 66.92
1585.68 176.87
2062.45 189.39
2273.76 80.15
2763.53 65.80
2216.63 158.24
2687.10 173.42
1516.29 250.96
2078.15 252.76
1501.68 307.93
2031.31 307.21
2393.02 268.26
2633.12 255.91
2359.35 308.28
2629.78 305.18
187.46 345.92
452.62 346.87
182.74 387.66
458.99 387.89
936.24 354.73
1265.52 363.33
880.89 445.52
1212.54 418.46
246.48 582.02
593.21 619.20
245.84 727.74
566.24 729.94
736.90 547.36
929.40 527.78
707.59 657.90
1077.04 687.95
1485.21 338.70
1783.42 342.12
1475.57 385.21
1775.33 372.33
2104.39 334.87
2497.52 334.00
2081.53 358.95
2505.01 366.55
1466.58 470.59
1782.49 496.22
1481.50 678.65
1780.79 679.13
2169.34 504.50
2624.91 503.29
2167.80 687.98
2625.89 686.81
