258.94 64.03
455.53 39.74
227.45 144.27
425.11 133.24
740.45 96.73
1181.95 96.82
680.80 159.43
1136.37 160.05
165.57 226.06
517.32 230.30
172.17 288.43
437.46 293.40
650.45 204.32
1071.40 210.12
866.41 281.44
1055.99 255.83
1605.31 67.11
1879.51 87.39
1710.22 165.07
1884.22 146.91
2319.80 71.92
2714.15 71.50
2335.18 178.03
2786.49 178.18
1611.80 239.93
1749.86 223.28
1572.07 285.04
1891.13 284.43
2286.57 231.14
2808.88 230.36
2229.77 285.98
2777.65 286.16
238.65 321.78
438.76 324.58
190.93 387.31
531.41 380.91
933.41 340.56
1329.97 356.63
881.61 413.83
1315.99 407.67
271.35 503.45
665.16 508.45
271.35 605.83
643.19 607.81
820.26 480.48
1179.20 485.19
791.17 563.67
1178.08 587.27
1563.44 345.13
1963.79 356.84
1631.69 385.98
1927.82 383.72
2189.61 343.85
2652.62 349.41
2283.70 388.26
2640.39 385.09
1555.85 418.25
1850.99 415.21
1562.54 553.57
1909.91 553.32
2269.97 414.80
2591.24 423.24
2284.19 561.10
2691.55 561.54
