260.42 72.99
495.41 63.41
286.43 156.89
474.16 156.35
861.54 79.77
1224.11 84.01
843.21 168.44
1156.38 162.15
199.69 250.22
451.20 243.33
167.49 321.36
521.94 325.96
730.80 228.26
1065.60 226.92
805.71 299.37
1039.89 303.74
1554.83 76.27
1798.00 65.02
1604.76 183.58
1881.75 176.88
2252.24 114.47
2728.95 119.83
2178.33 198.18
2708.37 196.65
1515.40 270.60
2008.53 278.74
1513.81 330.47
1913.02 332.86
2163.84 254.67
2645.99 267.43
2309.88 329.29
2608.67 326.73
196.07 367.29
478.16 367.33
173.42 448.10
475.16 424.06
933.97 383.82
1248.58 389.66
842.99 493.68
1179.10 485.25
245.49 624.19
589.61 643.98
326.51 778.74
562.73 768.76
755.76 580.81
1109.46 589.58
722.63 700.39
1108.97 738.50
1567.25 361.66
1857.84 363.13
1483.77 398.24
1855.62 389.33
2170.92 361.33
2538.55 359.32
2162.02 385.53
2516.91 395.43
1522.98 547.06
1856.56 546.96
1522.66 738.33
1856.46 738.51
2224.54 545.45
2625.12 545.14
2222.58 737.73
2624.46 737.40
