254.07 63.41
408.30 44.67
241.65 130.09
391.69 115.94
750.77 72.81
1087.54 54.68
767.93 135.25
1023.72 128.24
167.46 196.56
560.57 209.19
170.90 260.24
465.97 265.59
745.03 190.04
1018.26 180.44
832.04 261.26
1130.81 264.85
1540.24 71.36
1680.09 50.74
1523.00 135.56
1802.70 135.17
2151.66 88.86
2531.84 65.77
2100.93 147.44
2652.56 149.47
1438.63 207.12
1889.89 214.30
1391.67 258.21
1926.32 260.83
2071.82 198.46
2629.62 203.31
2168.76 254.18
2576.98 255.54
196.08 295.84
445.78 298.36
174.50 364.56
474.52 348.02
850.17 310.18
1238.84 314.48
768.72 392.60
1240.46 367.27
304.02 500.07
581.78 486.01
400.36 609.57
569.27 603.35
725.22 469.12
1104.12 469.94
734.12 564.75
1103.65 587.28
1524.93 306.08
1878.30 306.16
1546.12 339.69
1864.75 335.36
2204.35 310.57
2519.09 306.10
2195.11 340.06
2524.11 339.61
1489.40 377.11
1753.34 379.15
1489.33 557.75
1838.37 556.94
2229.65 374.44
2595.70 378.08
2207.41 553.39
2572.34 552.36
