275.91 75.43
449.05 62.58
252.47 144.14
443.56 146.28
881.59 63.34
1195.51 79.77
983.88 163.61
1149.34 145.93
230.47 228.97
458.62 217.56
171.56 303.34
600.70 299.81
712.96 214.59
1070.40 213.02
769.36 281.20
1057.69 289.31
1575.46 78.34
1771.61 59.71
1599.53 169.15
1867.07 163.32
2301.75 92.29
2668.45 81.38
2235.74 174.26
2732.13 174.77
1521.22 251.46
1828.85 253.72
1473.61 309.57
1818.07 317.31
2170.48 244.18
2691.65 249.53
2157.39 310.68
2648.87 305.07
187.68 353.98
452.88 357.20
179.18 401.52
436.51 397.58
874.98 361.61
1283.05 364.95
889.55 450.74
1211.49 434.37
227.84 573.12
571.11 609.60
225.52 705.14
575.27 704.20
723.72 555.98
947.42 544.44
710.27 679.13
1094.56 681.96
1612.71 340.64
1967.72 339.48
1537.61 368.58
1973.84 367.64
2342.24 344.20
2639.02 347.46
2437.10 385.86
2672.71 380.13
1568.03 502.76
1970.24 501.88
1569.71 670.81
1969.31 670.93
2343.27 500.16
2694.36 498.50
2343.04 669.59
2695.70 669.13
