277.50 65.67
491.10 58.35
301.42 132.28
479.19 132.21
831.23 61.83
1140.39 77.02
797.24 146.07
1093.68 139.37
248.70 210.35
498.87 205.50
198.40 265.92
585.53 269.58
692.44 192.49
1016.20 192.25
830.86 268.92
986.08 261.53
1600.91 79.63
1762.82 50.40
1536.59 158.42
1968.08 165.35
2134.91 57.30
2690.81 58.94
2131.81 134.86
2626.30 158.26
1458.92 238.35
1949.46 241.19
1488.48 287.63
1881.37 287.57
2279.11 241.08
2571.52 232.48
2193.43 279.42
2592.87 270.12
176.96 334.09
447.11 336.16
165.77 384.86
421.95 382.79
877.04 337.77
1208.78 349.90
812.94 433.40
1132.26 420.86
215.64 563.18
526.31 597.82
218.59 711.11
505.45 717.64
680.69 530.78
904.79 515.89
653.87 661.73
1030.07 678.46
1415.25 316.69
1670.76 316.36
1395.63 355.09
1686.03 357.99
2062.04 323.46
2469.23 325.00
2068.42 404.00
2530.56 404.51
1430.34 526.11
1706.39 526.49
1429.59 686.18
1705.49 686.32
2077.84 526.94
2542.63 526.86
2077.50 687.77
2542.37 687.66
