223.47 83.43
414.93 92.22
253.41 153.21
407.04 154.95
833.60 65.95
1137.04 83.90
803.79 160.01
1085.78 151.18
202.53 221.83
403.09 211.22
140.24 282.92
586.90 280.71
699.48 209.30
1017.46 207.95
832.01 275.62
1030.50 271.30
1674.51 75.62
1866.52 45.64
1598.30 163.41
2089.55 176.51
2282.07 87.89
2763.23 92.08
2249.20 155.72
2720.38 171.31
1529.41 236.76
2082.91 236.76
1484.99 290.52
2058.78 290.86
2443.49 256.53
2639.73 242.81
2355.88 293.61
2661.92 290.49
168.86 333.37
485.93 338.32
217.14 379.08
442.68 381.08
901.89 336.55
1297.48 344.07
838.33 422.41
1218.84 399.25
242.95 536.01
592.07 566.92
243.16 662.61
578.95 668.88
729.66 508.39
989.21 493.93
698.48 623.96
1094.95 634.92
1516.24 322.13
1797.17 325.42
1494.50 365.30
1780.17 353.21
2128.94 316.45
2569.80 315.43
2090.35 336.81
2578.81 348.78
1492.31 445.34
1794.45 465.59
1511.59 624.01
1793.87 624.77
2177.06 470.94
2641.36 471.01
2175.47 629.93
2641.17 630.03
