293.52 61.99
465.39 39.92
239.66 128.34
451.10 130.28
828.01 76.65
1207.46 82.65
789.43 141.09
1155.52 140.08
158.91 205.31
358.18 194.41
144.33 261.38
441.76 267.41
714.40 191.22
1091.53 192.72
711.28 241.90
1033.19 242.34
1614.47 74.14
1800.18 70.01
1647.55 144.39
1841.79 132.38
2320.10 89.27
2669.80 65.94
2268.99 149.17
2792.47 158.24
1565.38 209.63
1740.36 196.82
1499.64 262.00
1926.82 265.37
2207.33 205.24
2768.77 204.37
2154.47 258.51
2720.28 260.51
231.33 296.50
495.60 296.99
201.02 344.23
521.11 331.75
958.65 311.26
1340.10 326.63
870.74 387.03
1252.95 368.77
284.41 476.24
669.06 476.13
282.62 586.83
646.39 589.69
826.09 448.35
1158.36 453.85
781.89 534.44
1154.79 564.10
1559.29 308.04
1992.99 312.54
1596.07 344.71
1915.98 341.65
2177.67 311.45
2618.48 312.93
2265.72 346.44
2594.80 349.10
1619.97 381.96
1839.09 381.42
1577.89 536.79
1930.77 536.81
2398.11 385.39
2689.87 382.59
2326.07 533.41
2724.34 532.80
