237.21 102.02
403.41 108.16
249.10 179.86
420.33 180.54
806.05 79.65
1079.54 111.59
933.54 189.20
1051.21 174.57
184.61 249.70
369.49 252.11
178.65 311.95
489.94 311.12
675.66 248.30
944.19 243.90
733.52 302.57
941.87 298.19
1629.07 84.95
1924.82 80.55
1561.82 184.39
2039.55 188.97
2191.37 77.75
2695.26 65.42
2186.19 152.39
2621.16 171.89
1505.69 259.39
1997.81 259.33
1491.28 319.83
1970.42 320.77
2342.25 283.21
2576.87 268.72
2276.45 323.95
2595.76 321.94
144.54 386.88
510.91 386.05
194.90 444.10
420.16 440.67
859.91 367.79
1263.89 378.69
836.61 450.49
1209.38 429.69
215.09 587.30
542.67 622.13
215.72 727.82
550.26 727.32
697.57 576.95
903.86 547.28
665.53 690.91
1048.66 702.79
1458.10 355.95
1728.04 357.08
1467.90 397.01
1752.85 384.59
2045.03 348.49
2391.31 346.66
2015.46 371.69
2439.94 382.67
1465.33 516.91
1737.26 517.86
1465.15 692.73
1738.30 692.55
2094.95 517.01
2539.61 516.42
2095.55 692.33
2537.39 692.32
