253.66 63.27
394.94 43.27
230.17 127.46
385.09 126.99
758.82 80.35
1129.99 79.55
706.12 137.03
1060.97 136.24
193.14 201.43
485.03 202.06
168.82 260.00
493.80 260.09
650.83 189.03
1006.84 189.70
724.85 243.93
983.32 254.39
1536.15 70.40
1752.12 67.74
1588.04 153.49
1810.98 143.41
2189.85 91.46
2673.09 87.12
2123.54 157.22
2648.94 156.80
1504.14 218.42
1944.91 226.98
1474.24 265.02
1845.64 267.17
2080.91 209.60
2631.34 213.55
2173.20 264.57
2563.66 261.03
194.32 291.83
443.57 292.49
159.01 331.11
434.53 329.23
917.70 309.09
1268.36 311.81
865.35 385.95
1181.01 382.82
246.66 498.09
604.32 531.68
245.98 619.40
583.55 618.29
750.04 469.78
964.12 452.36
700.50 554.08
1077.67 585.26
1542.54 288.60
1856.29 289.25
1494.98 321.91
1828.89 311.65
2171.74 290.74
2509.56 289.19
2204.74 311.63
2522.17 317.48
1506.05 412.87
1854.32 422.96
1511.43 581.47
1855.90 581.63
2220.11 423.47
2587.79 423.76
2217.40 583.55
2590.23 583.02
