254.42 65.64
391.41 50.26
223.14 123.45
387.82 124.91
793.67 70.13
1168.95 63.54
776.81 131.00
1110.77 128.66
193.97 201.70
464.22 194.04
140.80 266.40
551.65 267.02
691.06 184.44
1054.56 180.92
821.20 256.91
1041.42 252.61
1741.62 64.31
1953.45 50.22
1663.67 154.45
2126.33 164.15
2286.68 78.11
2810.22 77.34
2256.95 139.90
2740.19 154.13
1604.11 222.93
2095.88 222.50
1595.02 276.95
2039.19 278.68
2477.59 232.90
2687.62 223.76
2462.61 278.69
2686.00 275.01
194.92 313.29
489.67 314.45
226.16 352.81
471.19 351.11
971.21 319.02
1378.89 328.98
932.30 401.07
1311.30 381.39
254.09 536.16
638.03 572.27
254.34 672.29
641.16 676.25
805.75 519.43
1006.98 488.76
754.38 621.52
1157.10 641.93
1630.09 309.58
1915.92 309.06
1580.74 344.34
1920.84 343.42
2258.61 306.75
2633.07 304.89
2217.35 330.76
2531.03 336.71
1605.53 455.47
1929.68 456.20
1606.20 632.50
1930.26 632.69
2288.75 456.47
2683.48 454.85
2287.46 633.73
2685.90 633.13
