258.16 70.70
432.22 66.30
261.23 128.90
449.83 131.28
865.27 62.39
1204.71 87.50
743.34 143.26
1153.57 138.68
246.18 194.83
553.88 189.25
192.93 241.25
581.26 244.26
740.47 176.91
1098.41 180.85
947.45 242.28
1121.96 232.17
1710.03 69.54
1867.80 41.65
1675.18 140.93
2078.45 152.34
2254.93 77.03
2707.24 77.06
2218.46 134.64
2664.63 147.11
1610.25 204.27
2070.10 203.66
1547.53 254.17
2048.53 255.47
2372.93 212.47
2602.55 209.92
2371.14 261.91
2601.61 256.06
166.03 302.46
470.08 305.72
179.58 342.78
428.70 343.93
970.15 303.17
1234.81 306.87
920.24 371.17
1283.64 353.51
163.62 451.72
474.68 451.85
163.15 560.83
475.28 560.62
774.92 458.07
943.46 440.89
724.12 556.52
1105.76 556.98
1532.63 288.01
1823.43 290.20
1544.71 318.96
1789.81 317.34
2129.83 281.18
2494.64 280.40
2129.83 297.88
2472.71 304.88
1499.30 358.58
1738.77 371.31
1490.30 519.28
1777.33 518.73
2161.96 406.02
2578.91 404.51
2161.94 543.85
2578.88 544.74
