266.32 63.07
398.87 53.39
237.58 116.55
419.73 119.67
781.26 63.27
1191.56 55.03
731.67 117.35
1146.92 119.70
251.54 180.36
592.94 176.01
187.15 227.16
587.34 233.13
916.09 174.46
1107.46 170.97
970.08 227.82
1135.02 221.58
1631.93 66.60
2063.86 78.21
1570.96 146.48
2087.27 145.02
2244.58 57.41
2742.95 56.85
2365.51 137.65
2692.12 143.56
1515.82 207.24
2066.35 211.71
1578.82 251.07
2012.19 248.60
2407.29 218.31
2632.06 211.30
2362.49 250.23
2647.80 247.92
196.98 290.14
516.30 295.62
186.26 335.96
447.27 332.23
957.72 287.85
1241.52 286.32
977.45 347.99
1250.33 336.94
169.93 444.61
492.79 444.72
168.98 560.01
492.20 559.71
825.03 456.05
988.75 434.45
794.19 560.97
1053.17 540.55
1533.88 272.85
1837.97 273.95
1510.90 305.91
1825.88 295.32
2190.85 271.67
2578.72 270.83
2149.34 288.94
2593.28 294.58
1509.05 372.01
1848.63 394.52
1529.91 538.14
1847.17 537.40
2225.15 401.11
2638.29 399.28
2224.56 544.96
2638.54 545.22
