261.68 69.76
434.82 60.26
254.97 131.02
420.48 129.61
804.45 61.84
1139.28 68.95
764.08 137.84
1087.42 131.97
195.98 198.67
510.58 198.87
150.42 265.05
536.38 260.83
680.53 181.96
1007.34 183.60
854.20 248.13
1108.42 247.31
1588.71 74.27
1771.47 52.77
1590.29 144.11
1886.94 141.88
2269.73 86.01
2788.22 75.29
2199.44 150.28
2723.76 149.63
1516.19 212.37
2027.72 220.67
1465.91 268.16
1974.72 268.15
2170.72 202.84
2683.67 215.95
2249.79 274.50
2618.89 267.30
169.59 306.58
444.86 307.54
179.46 342.80
423.03 346.66
874.89 314.04
1291.02 319.97
817.68 392.44
1210.24 370.34
237.91 504.02
574.92 525.70
238.55 632.78
550.37 637.67
730.34 465.90
1099.61 473.28
694.41 576.83
1097.44 602.40
1562.55 306.12
1863.69 305.09
1507.23 341.06
1811.71 335.46
2162.78 302.96
2520.08 298.82
2167.24 324.41
2491.52 334.26
1492.77 426.61
1843.19 442.41
1516.14 599.55
1841.04 599.79
2234.73 444.38
2676.67 443.33
2234.16 602.86
2677.87 601.99
