280.69 58.85
452.21 44.10
252.10 117.70
453.10 118.62
826.80 70.16
1231.92 63.88
775.87 125.16
1170.78 126.45
201.83 195.13
466.91 189.75
162.56 255.19
572.43 250.93
717.68 175.50
1101.34 173.21
768.16 227.09
1043.03 236.96
1614.25 68.40
1825.42 47.61
1641.97 141.06
1995.46 147.75
2271.53 79.57
2771.38 75.88
2216.73 141.91
2721.15 146.85
1573.32 207.81
2064.55 206.46
1529.94 258.39
2047.52 260.10
2343.09 217.19
2668.23 216.82
2361.64 263.03
2644.00 257.85
166.01 295.54
487.08 299.59
181.53 334.44
441.31 335.70
944.16 308.56
1200.63 314.54
894.99 385.17
1238.72 365.60
226.87 494.11
570.61 523.93
224.98 618.33
578.53 620.38
744.33 474.48
945.53 460.85
705.26 575.09
1084.33 592.40
1508.12 293.20
1806.83 293.62
1500.28 327.66
1795.17 318.49
2164.38 286.12
2536.32 285.25
2165.70 306.10
2494.14 313.00
1502.73 429.40
1823.78 432.08
1504.61 586.00
1825.89 586.71
2202.61 432.62
2633.03 432.61
2202.81 587.24
2637.01 587.20
