177.75 82.52
406.14 107.30
247.19 174.98
380.22 173.71
828.76 78.38
1173.98 109.46
717.10 181.98
1121.60 178.87
218.01 239.22
553.59 238.90
143.76 288.54
552.60 292.05
731.59 224.91
1061.59 227.97
928.16 283.82
1080.67 272.09
1710.41 76.97
1890.24 45.71
1627.13 173.31
2087.61 184.20
2261.19 93.69
2756.96 80.04
2238.74 156.87
2711.34 175.90
1556.86 250.35
2059.41 254.14
1565.66 305.86
2005.93 302.67
2416.15 262.55
2640.92 254.47
2328.18 302.60
2668.14 292.10
158.17 342.82
478.59 346.87
212.94 385.70
435.85 386.94
948.47 347.77
1322.14 356.05
910.37 427.98
1256.06 407.75
219.03 542.58
546.42 552.54
220.78 673.54
607.37 672.16
755.05 526.99
943.07 508.60
723.04 640.94
1113.40 651.03
1518.33 332.41
1762.92 333.56
1520.85 373.87
1768.99 360.17
2103.78 327.75
2416.91 326.54
2068.20 361.39
2543.85 374.76
1525.84 492.33
1788.73 492.63
1524.76 648.21
1789.63 648.89
2153.03 492.31
2619.85 491.79
2151.64 648.41
2619.10 648.54
