190.88 92.72
537.14 93.29
281.89 227.75
447.35 213.35
880.77 96.28
1234.11 96.18
895.54 237.21
1143.54 219.23
284.65 289.82
626.45 289.63
216.00 348.90
604.80 351.15
928.63 284.93
1108.76 283.98
945.36 340.52
1290.62 356.49
1613.28 95.13
1845.16 75.14
1633.82 210.47
1944.60 207.52
2295.04 127.88
2785.63 124.50
2221.08 222.55
2733.53 221.88
1545.69 303.37
2065.63 310.77
1607.79 362.22
1985.11 361.73
2271.23 304.22
2625.51 305.42
2279.19 352.13
2624.41 342.95
164.16 425.96
515.67 420.33
166.97 476.74
408.37 472.47
926.56 409.22
1289.40 414.32
862.52 504.45
1221.12 487.81
232.58 640.39
575.84 671.74
231.89 782.49
556.93 788.94
745.41 604.17
1090.55 600.85
695.43 724.14
1121.00 748.61
1560.27 395.18
1804.72 394.10
1485.76 437.07
1823.23 458.70
2155.17 404.86
2640.56 414.23
2184.12 488.71
2649.76 488.27
1543.32 606.01
1824.64 605.17
1545.42 758.73
1825.38 759.57
2192.86 604.33
2660.72 605.02
2195.41 758.74
2659.79 758.68
