275.41 81.35
459.11 72.12
277.55 157.06
455.51 160.39
819.52 73.27
1101.31 97.26
818.40 173.89
1064.17 164.94
244.60 242.07
451.70 232.96
197.01 296.69
599.86 302.05
775.10 232.80
1007.93 229.91
864.30 301.30
1113.28 301.20
1585.40 80.99
1799.60 52.25
1502.07 173.38
2007.78 179.28
2203.80 73.06
2738.39 64.09
2167.69 144.56
2637.62 162.98
1432.50 247.76
1978.05 254.13
1418.65 307.29
1927.97 309.51
2287.14 265.49
2561.33 254.99
2233.92 312.77
2539.31 311.99
172.08 364.21
437.31 366.69
159.47 419.23
412.30 414.65
794.25 355.52
1228.72 362.46
794.77 444.37
1183.82 416.32
223.23 589.14
528.18 625.50
252.19 740.32
499.81 738.82
686.01 545.53
984.16 538.54
640.05 659.86
1036.43 695.33
1482.58 346.29
1696.75 346.80
1423.01 383.22
1711.67 379.21
2063.86 338.94
2518.21 340.95
2108.23 394.10
2509.91 383.39
1462.94 531.36
1777.67 531.87
1464.12 704.91
1777.32 704.76
2158.49 531.78
2610.15 530.29
2159.60 704.56
2610.07 703.45
