278.20 78.55
459.99 49.22
252.76 168.22
431.50 150.03
782.76 88.27
1137.95 104.18
758.07 173.91
1078.70 171.43
119.03 255.04
356.60 247.05
119.17 323.57
408.17 331.45
668.06 235.56
997.43 237.34
660.44 299.39
931.94 311.18
1500.39 70.16
1795.83 90.90
1623.38 184.31
1755.37 152.87
2139.12 74.29
2530.76 73.48
2205.39 194.03
2530.89 178.68
1484.95 273.48
1615.19 252.19
1468.47 324.60
1743.90 322.95
2183.65 256.02
2662.42 261.62
2127.58 321.79
2621.17 321.81
274.02 366.12
466.30 366.74
212.89 430.16
501.19 418.21
853.17 393.15
1213.70 412.88
762.22 475.45
1170.66 456.25
257.98 566.33
566.01 557.29
389.87 668.16
564.61 675.54
743.30 546.40
1054.47 546.42
685.19 624.65
1057.89 653.03
1453.06 385.63
1840.02 399.88
1467.93 433.94
1813.82 433.03
2073.63 388.25
2567.33 386.35
2121.41 441.51
2493.64 441.45
1413.96 474.95
1854.56 475.38
1487.51 623.00
1840.70 623.47
2187.52 471.81
2487.28 484.84
2248.87 575.96
2541.13 556.39
