249.60 82.47
430.86 75.24
247.00 153.94
413.17 151.21
807.91 65.20
1130.45 80.83
810.70 162.76
1077.87 149.88
180.21 222.94
511.74 228.41
166.77 292.60
461.04 296.06
683.38 209.82
981.39 213.46
847.05 277.70
1019.14 285.37
1521.32 60.59
1807.14 60.15
1631.86 160.21
1810.30 139.02
2236.79 105.03
2592.61 75.03
2196.81 169.26
2716.66 174.45
1547.34 234.91
1706.94 220.01
1475.87 291.76
1951.59 298.15
2134.21 225.54
2684.84 227.37
2103.66 280.26
2659.93 285.86
182.94 329.08
418.79 328.25
153.75 388.27
462.93 374.85
868.37 343.76
1244.17 362.32
782.21 437.22
1160.37 420.47
242.07 542.15
552.49 552.61
377.59 663.89
547.64 663.06
711.76 507.06
1072.01 514.23
673.03 599.73
1070.59 634.02
1492.66 337.44
1891.42 340.18
1523.71 374.98
1830.21 369.13
2183.02 338.11
2557.45 332.58
2204.90 359.36
2566.59 364.44
1458.79 431.88
1832.23 456.38
1486.34 619.43
1833.80 619.39
2243.08 458.30
2598.84 458.31
2220.23 626.15
2622.75 625.82
