241.27 83.07
428.37 86.52
258.75 150.41
428.93 153.28
843.41 70.66
1164.98 97.69
811.36 164.64
1112.06 156.07
217.22 223.19
466.34 217.66
189.47 269.65
588.93 276.10
745.17 209.21
1043.08 204.18
899.24 267.60
1196.67 282.25
1697.07 67.58
1930.30 52.50
1601.08 158.61
2096.55 171.10
2258.34 82.14
2784.20 84.29
2225.31 145.87
2764.64 162.25
1523.27 229.58
2057.16 227.02
1487.01 281.41
2019.42 285.08
2453.59 245.95
2711.81 235.66
2464.26 287.90
2700.80 285.01
202.09 329.35
497.22 333.53
190.40 373.50
448.27 372.19
950.42 327.71
1325.17 333.21
894.55 403.30
1261.96 379.99
251.03 511.45
623.10 540.33
251.06 638.13
612.30 642.89
766.24 485.98
991.42 471.85
744.25 598.16
1122.52 611.83
1592.63 320.52
1890.66 320.41
1561.51 350.76
1831.67 349.67
2200.72 316.11
2594.82 314.22
2195.03 335.95
2550.14 340.86
1473.16 415.02
1853.16 444.95
1529.55 599.28
1854.60 598.87
2255.00 454.75
2680.49 453.83
2253.48 609.30
2682.92 608.74
